4,15,4
Biases
Layer 0
-0.3878429,0.1929842,0.1810168,0.08369309
Layer 1
0.06183189,0.09935611,-0.0862512,0.203321,0.329502,-0.1842908,-0.0988341,-0.05557972,0.4862596,0.4569561,-0.02830797,-0.3459628,0.375779,0.1462178,0.1863882
Layer 2
0.2127362,0.4052552,-0.1957033,-0.3972028
Weights
Layer 0
Destination Neuron Index 0
-0.3369597,0.1778173,0.2083399,-0.2794588
Destination Neuron Index 1
-0.1128424,-0.3965896,-0.1990041,0.2105737
Destination Neuron Index 2
-0.3972692,0.3403177,-0.4901235,0.1977151
Destination Neuron Index 3
0.3718463,0.08760291,0.0503251,-0.3024476
Destination Neuron Index 4
0.4941143,0.2068995,-0.08074111,0.09434611
Destination Neuron Index 5
-0.2642466,-0.02207249,-0.2394764,0.3500327
Destination Neuron Index 6
0.02621204,0.4951425,0.2889717,0.3427598
Destination Neuron Index 7
0.1786394,-0.4744452,-0.4760506,0.3456149
Destination Neuron Index 8
0.3623548,0.4966228,0.1032194,0.4981589
Destination Neuron Index 9
-0.4893883,0.2428783,-0.1795774,0.2812378
Destination Neuron Index 10
0.4858562,-0.4041705,-0.310993,0.1960116
Destination Neuron Index 11
0.1448036,-0.454729,0.363179,-0.1304148
Destination Neuron Index 12
-0.06112963,-0.2134107,0.06611341,0.1440657
Destination Neuron Index 13
0.4153119,0.4409689,0.2252192,0.03980368
Destination Neuron Index 14
0.4650668,-0.0715602,-0.06994098,0.393088
Layer 1
Destination Neuron Index 0
-0.4260917,0.3735486,-0.2664878,-0.1998908,-0.1401548,-0.1200511,0.4345249,0.07644755,-0.1885355,-0.04664296,0.4611596,-0.2731229,0.2974373,-0.2631881,0.3377247
Destination Neuron Index 1
0.05475146,-0.2100571,0.366478,0.2898933,-0.4680737,0.4228272,-0.3111376,-0.4190748,-0.1316562,-0.3615106,0.3267462,-0.4546945,-0.4494768,-0.4872233,0.4851465
Destination Neuron Index 2
0.05599612,-0.03777379,-0.3610293,0.2995235,-0.211729,-0.0430122,0.4430554,0.08562464,0.4657888,-0.369292,0.4259273,0.1241021,-0.09913868,0.4366986,-0.09005624
Destination Neuron Index 3
0.3228209,-0.1040201,0.1438199,-0.2872728,-0.05463284,0.3024004,0.2132052,0.004019439,0.3235705,0.1476207,0.3424324,-0.3928597,0.1945977,0.2509816,-0.3149581
0.4769409
