4,15,4
Biases
Layer 0
-0.04733163,-0.4279879,-0.198894,-0.2966588
Layer 1
0.231295,0.02815062,-0.1539229,-0.03645867,0.0137133,0.4130515,0.4791721,-0.1984656,-0.400084,0.2727731,0.1640538,0.03861505,0.1876278,-0.07742649,-0.3325068
Layer 2
-0.2310074,-0.4578522,0.4335694,-0.4698838
Weights
Layer 0
Destination Neuron Index 0
0.3802416,-0.310761,-0.1227402,-0.4647782
Destination Neuron Index 1
0.3993077,0.4068412,-0.1774138,0.0544824
Destination Neuron Index 2
0.1167564,0.245258,-0.4151512,-0.1790844
Destination Neuron Index 3
-0.3018218,0.2630324,-0.3784629,-0.3775929
Destination Neuron Index 4
-0.02565795,-0.4610952,-0.4286858,-0.2652036
Destination Neuron Index 5
-0.4504899,-0.4192952,0.02668625,-0.3989714
Destination Neuron Index 6
0.1895429,-0.1842411,0.3257148,-0.4710646
Destination Neuron Index 7
-0.2875942,0.3593448,0.2150084,0.3504549
Destination Neuron Index 8
0.3828998,0.2261448,0.3767971,-0.1023325
Destination Neuron Index 9
0.115336,0.09852594,-0.2728318,-0.41951
Destination Neuron Index 10
-0.06675547,-0.1270613,0.2651812,0.2825038
Destination Neuron Index 11
-0.3462329,0.0811283,-0.4157922,0.05375868
Destination Neuron Index 12
-0.3120435,-0.2271153,0.2350699,0.1970398
Destination Neuron Index 13
-0.09039801,0.1235839,-0.04669327,0.116264
Destination Neuron Index 14
-0.3285322,-0.0257563,0.3754013,-0.2127141
Layer 1
Destination Neuron Index 0
0.3356764,-0.3093706,0.1547298,-0.04395682,-0.06289464,-0.01633579,-0.07123035,0.4260318,0.365857,0.1865933,0.2367184,0.2249509,0.136381,0.2233049,0.1386359
Destination Neuron Index 1
0.00345701,-0.3783948,0.3078387,-0.4770149,-0.3711562,-0.4379746,-0.2674148,-0.005612075,-0.2079788,0.301105,-0.4983426,-0.3450477,0.3244101,0.2144995,-0.3976257
Destination Neuron Index 2
-0.2331138,0.2839626,-0.3719041,-0.3366538,0.1226941,0.3851515,0.4727472,0.2779739,-0.1732451,0.3843042,-0.3897742,0.3428286,-0.3918594,-0.1943384,0.05688983
Destination Neuron Index 3
-0.2558753,0.4191262,0.474292,-0.30718,0.2557491,-0.1745185,0.4027356,0.1394552,0.05390662,0.3412838,0.329031,-0.06196707,-0.134445,0.453712,-0.2312782
05780095,0.09523362
302
-0.1452885,0.4152654,-0.2194098,-0.1447172,0.1949686,-0.1926294,-0.2629057,0.2858752,0.09595817,0.1036169,-0.4762262,-0.3967081
Destination Neuron Index 2
0.05225831,0.04059833,-0.2471206,0.3903011,-0.08836967,-0.1577943,-0.2180038,-0.06867892,0.2714944,0.3941337,0.3015198,0.2347989,0.1338755,-0.3833233,0.06146044,0.4958905,-0.1939268,-0.4361459,0.2199979,0.1973268
Destination Neuron Index 3
0.4405358,0.2207101,0.1713836,-0.3324306,-0.2837738,0.0344891,-0.09724253,0.2635641,0.2110544,0.4484494,0.4008793,0.2956668,-0.1708216,0.09273356,-0.3523582,-0.01299185,0.4992331,-0.2534846,-0.2527612,0.0127067
0.003940165,0.4270767
