4,15,4
Biases
Layer 0
0.3344376,-0.4735315,0.2291547,-0.1754699
Layer 1
0.07212502,0.158607,0.4050605,-0.4742166,0.4948206,0.0302965,0.426885,0.1756145,0.1317993,-0.03961462,0.2990063,-0.1486836,-0.024046,-0.2421538,0.122083
Layer 2
0.3443304,0.328725,-0.4747102,0.3658893
Weights
Layer 0
Destination Neuron Index 0
0.04593688,0.3525118,0.02686447,-0.1210943
Destination Neuron Index 1
-0.0674122,-0.1556838,-0.2466606,0.2351708
Destination Neuron Index 2
0.1351015,0.4812293,-0.3999937,0.4596355
Destination Neuron Index 3
-0.1170407,-0.0352338,0.2485727,0.06181508
Destination Neuron Index 4
-0.4683015,0.2777412,-0.1576413,-0.06755239
Destination Neuron Index 5
-0.3270078,0.05084151,0.2193262,0.09550649
Destination Neuron Index 6
0.1390563,0.326493,0.3438689,0.1858971
Destination Neuron Index 7
-0.2977047,0.364346,-0.06731623,0.4133327
Destination Neuron Index 8
-0.2068235,0.4172049,-0.2054526,0.3134335
Destination Neuron Index 9
-0.4338794,-0.4928595,-0.1433099,0.199789
Destination Neuron Index 10
0.4759753,-0.2064052,-0.2344583,0.1035885
Destination Neuron Index 11
0.03665835,-0.4085951,0.03696996,0.2121917
Destination Neuron Index 12
-0.4132313,-0.1023197,0.4583479,-0.4744991
Destination Neuron Index 13
-0.1875815,-0.01560205,-0.291628,-0.1949256
Destination Neuron Index 14
-0.2848026,-0.3776146,0.03616065,0.05503649
Layer 1
Destination Neuron Index 0
0.4352826,0.4472653,-0.491593,-0.1672419,-0.2431752,0.4613117,0.06923229,0.1978487,-0.3411375,-0.2629967,-0.3207338,0.4580287,-0.3159161,-0.1374984,0.2387354
Destination Neuron Index 1
-0.3031403,-0.4208499,0.08467823,0.1129996,0.330397,0.1941784,0.07502562,0.1809108,-0.4857311,0.00155586,0.3847274,0.2392696,-0.2192081,0.1625881,0.1529411
Destination Neuron Index 2
0.07740754,-0.247245,0.2330072,0.4966527,-0.4059919,-0.4443609,-0.4814169,0.1335387,0.0422253,0.0115419,0.1597984,-0.3877759,-0.03303069,-0.02704519,0.2941782
Destination Neuron Index 3
0.08593315,0.4224976,-0.4755003,-0.04417139,0.2410312,-0.327144,-0.1176915,0.1830953,-0.09038752,-0.3402956,0.3531367,0.1305709,0.433587,-0.003014028,0.2806315
