4,15,4
Biases
Layer 0
-0.2736335,0.2292994,-0.2361872,-0.4682096
Layer 1
-0.2378617,0.1972461,-0.1711238,0.3525434,-0.0773769,-0.1303808,-0.3372477,0.2079906,0.03832442,-0.4209616,-0.2189783,0.05592531,0.3060026,-0.09597784,-0.003574073
Layer 2
-0.08718711,0.1988746,-0.2911543,-0.001814663
Weights
Layer 0
Destination Neuron Index 0
-0.1527391,0.3807628,0.06583911,0.09736651
Destination Neuron Index 1
0.2921982,-0.1838124,0.3706437,0.09756154
Destination Neuron Index 2
-0.3544033,0.01211673,0.04343849,0.09749538
Destination Neuron Index 3
-0.3475461,0.03815252,0.04227763,-0.3840631
Destination Neuron Index 4
0.4271523,-0.3602685,-0.2550069,-0.1909922
Destination Neuron Index 5
-0.4038408,-0.03926378,-0.03106743,0.4476624
Destination Neuron Index 6
0.3198104,0.4088202,0.4613258,0.2281432
Destination Neuron Index 7
-0.3280379,-0.3422006,-0.03553528,0.006781161
Destination Neuron Index 8
0.4850534,-0.4640144,-0.3679909,0.4308571
Destination Neuron Index 9
-0.20185,0.07088405,0.172896,0.2018182
Destination Neuron Index 10
0.3565073,-0.1974786,-0.06291538,-0.01458901
Destination Neuron Index 11
0.04172701,0.2707888,0.07762033,0.003604352
Destination Neuron Index 12
0.2082602,0.2702911,-0.3206435,0.15734
Destination Neuron Index 13
0.1029366,-0.03741294,-0.1069079,0.320804
Destination Neuron Index 14
-0.3151652,-0.2117236,0.1696417,-0.1129314
Layer 1
Destination Neuron Index 0
0.001372874,0.1613275,0.4529423,0.3843718,-0.2906439,-0.3432488,0.380955,0.3801466,0.3865681,-0.4719398,0.2862043,-0.08174509,-0.4049686,0.1786584,0.4157361
Destination Neuron Index 1
-0.0991413,-0.3299528,0.2586507,-0.06048805,0.2532908,-0.3331156,-0.3023968,0.06902128,0.001831234,0.3265547,-0.2395063,-0.1877559,-0.3320471,-0.2895231,0.08589083
Destination Neuron Index 2
0.06975609,-0.04931563,0.04378301,0.144721,0.1558575,0.1899501,0.4586984,-0.01998121,0.495084,0.01989287,0.1245499,-0.2488796,0.325519,-0.01568669,-0.2980753
Destination Neuron Index 3
0.2174184,-0.1560495,0.2418562,0.2671323,-0.1489113,0.4332567,0.4090859,0.3674564,0.3990999,-0.3819031,0.2322955,-0.2699118,0.4498384,0.3597257,0.1249561
74
