4,15,4
Biases
Layer 0
-0.4785016,0.1620602,-0.2182781,0.1745038
Layer 1
0.208314,0.001199901,-0.2359419,0.2297737,-0.2029315,0.0337556,-0.1762401,0.3340756,-0.4695607,-0.248989,-0.04824382,-0.0544973,0.1886799,0.1382738,-0.1723204
Layer 2
0.3965842,0.1924889,-0.3834274,-0.2122628
Weights
Layer 0
Destination Neuron Index 0
-0.01150554,0.09518391,0.08942956,0.2026316
Destination Neuron Index 1
0.09814101,-0.4851401,-0.1584932,0.4907942
Destination Neuron Index 2
-0.4297845,0.2995278,-0.4528314,0.08648556
Destination Neuron Index 3
0.3791873,0.198676,-0.3649135,-0.2604889
Destination Neuron Index 4
0.2902448,-0.0600912,0.08889967,-0.328756
Destination Neuron Index 5
0.20275,-0.3435239,0.4580324,0.3602321
Destination Neuron Index 6
-0.3942736,0.3156474,-0.4505293,0.2845412
Destination Neuron Index 7
0.4823097,-0.2616878,0.2626777,0.4336362
Destination Neuron Index 8
0.2322069,0.1641576,0.4433953,-0.1314165
Destination Neuron Index 9
0.458109,-0.222645,-0.2556267,-0.4627048
Destination Neuron Index 10
0.2343907,-0.3060588,0.4236053,-0.4109781
Destination Neuron Index 11
0.4114227,-0.4963231,0.4719145,-0.1002066
Destination Neuron Index 12
-0.03701955,-0.268577,-0.3228761,-0.295764
Destination Neuron Index 13
-0.2633544,-0.483652,-0.2256057,0.08487195
Destination Neuron Index 14
0.2262992,-0.2360443,0.2092813,0.03554994
Layer 1
Destination Neuron Index 0
0.4138185,0.2672592,0.3963591,-0.3069888,-0.1181188,-0.1767536,0.127632,-0.2383947,-0.4258622,-0.1778521,0.2303332,0.1178711,-0.1384234,0.3600138,0.1252291
Destination Neuron Index 1
0.139278,0.08804864,0.4836342,-0.2420388,-0.144569,-0.1430891,0.04498547,-0.01760942,-0.05384868,0.1716398,0.1309692,0.4248556,-0.4767127,0.2486899,-0.2499325
Destination Neuron Index 2
-0.1111299,-0.09946626,-0.004686654,-0.05901986,0.3146784,0.2509308,0.3131304,0.08296949,0.004758656,0.1751777,0.2079867,-0.04039544,0.4038534,-0.2450854,0.02324778
Destination Neuron Index 3
0.04037303,-0.001731813,0.3203788,0.08703619,0.1763551,-0.4231197,0.2766553,-0.2053147,-0.1715761,0.4166472,0.4187891,-0.2327777,0.05558568,-0.4756589,-0.2879667
