4,15,4
Biases
Layer 0
0.2586437,0.104104,-0.3564308,0.497848
Layer 1
-0.274034,-0.04449695,-0.3754971,-0.1231162,-0.4562699,0.2377632,-0.1578369,-0.4657491,0.1494429,-0.1146433,-0.3374344,0.2775204,0.4487948,0.08913404,0.4012573
Layer 2
0.1345546,-0.2301639,0.3756297,0.07869929
Weights
Layer 0
Destination Neuron Index 0
-0.2344211,0.31736,-0.1887184,0.1792101
Destination Neuron Index 1
0.4894425,-0.2170816,0.3126693,0.2060828
Destination Neuron Index 2
0.08123559,-0.3043168,0.168326,0.4214243
Destination Neuron Index 3
-0.09737736,-0.1105451,-0.1293346,-0.03741652
Destination Neuron Index 4
-0.05193168,0.1651741,-0.4503071,-0.1634975
Destination Neuron Index 5
-0.3565772,0.04209942,0.3199776,0.1081416
Destination Neuron Index 6
-0.4988005,0.02788371,-0.03115302,0.008711755
Destination Neuron Index 7
-0.2939051,-0.1080344,-0.1019141,0.1991837
Destination Neuron Index 8
-0.1090625,-0.4944265,0.3557792,-0.225918
Destination Neuron Index 9
-0.4912508,-0.002933323,-0.2660456,-0.2730666
Destination Neuron Index 10
-0.09400755,0.1770679,0.391428,-0.1657346
Destination Neuron Index 11
-0.1536017,-0.1433764,-0.4494047,-0.3987795
Destination Neuron Index 12
0.01959664,-0.2806357,0.2297217,0.01915163
Destination Neuron Index 13
-0.4724495,-0.455523,0.22285,0.4322873
Destination Neuron Index 14
-0.1694935,0.0509308,-0.03351122,0.2316116
Layer 1
Destination Neuron Index 0
-0.004241765,0.2669435,-0.1191823,-0.4342723,0.4970187,0.3947495,0.1556096,0.4491925,0.05501503,0.2653339,0.3126067,0.1443349,-0.04531807,0.06380075,0.177116
Destination Neuron Index 1
0.09572893,0.1444476,0.02075404,0.2256596,0.1259801,0.2772776,0.2528819,0.07550317,0.2475507,-0.4533072,0.2019081,-0.2007542,-0.3383114,0.1583845,0.4249902
Destination Neuron Index 2
-0.2806053,-0.0069713,0.376495,-0.1834783,0.3841534,0.006543815,-0.1841242,0.2033586,-0.3633224,0.2088435,0.2887723,-0.07673091,0.1956404,-0.08017153,-0.254009
Destination Neuron Index 3
-0.2896494,-0.04273158,0.1011307,-0.04701883,-0.06009191,0.3630241,0.3204395,0.3150684,-0.08125633,-0.3265705,0.1386196,0.4956752,-0.2951568,0.3483195,-0.4116099
