4,15,4
Biases
Layer 0
-0.09849542,-0.4043438,-0.1923489,-0.45479
Layer 1
0.2629417,0.4674399,-0.3411595,-0.2268959,-0.3248504,-0.03224105,0.1341336,0.1200097,-0.3319709,-0.3151371,0.1858227,0.1872619,-0.2370676,0.01942736,-0.1407204
Layer 2
0.02682036,-0.04015189,0.453927,0.4029715
Weights
Layer 0
Destination Neuron Index 0
0.1933104,0.1853882,-0.2819026,-0.1180403
Destination Neuron Index 1
0.190417,0.4458809,-0.2830502,-0.005182564
Destination Neuron Index 2
-0.1751557,0.2193729,0.09762126,0.385705
Destination Neuron Index 3
0.09956902,-0.1248456,-0.1796386,0.1832478
Destination Neuron Index 4
0.121107,-0.367355,-0.300486,0.1075988
Destination Neuron Index 5
0.01487607,0.4521232,-0.07044035,0.07957357
Destination Neuron Index 6
-0.3863693,-0.393731,-0.4650894,-0.1461291
Destination Neuron Index 7
0.4615601,-0.003791153,-0.1065338,-0.2086535
Destination Neuron Index 8
-0.1584942,0.2511667,-0.4336284,-0.3208373
Destination Neuron Index 9
0.01941627,0.3271152,-0.2715768,0.3655317
Destination Neuron Index 10
-0.0759477,0.4126339,0.4947124,-0.2357293
Destination Neuron Index 11
0.3692727,-0.3079644,0.1675314,0.05001682
Destination Neuron Index 12
-0.3441368,-0.4749578,-0.0009849668,-0.2788539
Destination Neuron Index 13
0.3996841,-0.3121519,-0.3334997,0.4707601
Destination Neuron Index 14
0.1646755,-0.2575899,0.2009491,0.1165803
Layer 1
Destination Neuron Index 0
-0.436314,0.05694193,-0.1844146,-0.1689131,-0.02286536,-0.4048995,-0.01488012,-0.3580123,-0.1955271,0.2941611,-0.3241546,-0.4931531,-0.04406208,-0.408428,0.4250447
Destination Neuron Index 1
0.2295468,-0.2419522,-0.1566109,-0.107713,0.01012284,-0.0509184,0.03450125,-0.1453784,0.2699929,0.3876927,-0.3954813,0.1064697,-0.0959304,-0.07464761,-0.02561694
Destination Neuron Index 2
-0.02175027,-0.3355231,0.174435,0.03641218,-0.1318585,-0.248481,-0.3952135,-0.1604512,-0.0221507,0.3914697,-0.4763145,-0.1187748,-0.4390663,0.3367316,0.1543645
Destination Neuron Index 3
0.3948895,-0.01680797,-0.3839986,0.4407121,-0.1939946,0.4140179,-0.4615408,-0.4981188,0.0165022,0.059614,-0.3717272,0.2470279,0.435931,-0.2746102,0.4885086
