4,15,4
Biases
Layer 0
0.2840042,0.3719643,0.1976762,0.3614877
Layer 1
-0.2044719,0.1521689,0.4222698,-0.4346417,-0.1852558,0.4576766,-0.4615052,0.03948754,-0.2579105,-0.06979102,-0.01367992,0.1982714,-0.4048464,-0.1587029,0.2479323
Layer 2
0.009617627,0.2891916,0.1332161,-0.2818921
Weights
Layer 0
Destination Neuron Index 0
0.0308513,-0.2387335,0.4690897,0.4259899
Destination Neuron Index 1
0.287452,-0.05489188,0.3074551,0.118618
Destination Neuron Index 2
0.1139979,-0.3284711,-0.4267253,-0.08547992
Destination Neuron Index 3
0.4112716,-0.4829608,-0.376689,-0.1920397
Destination Neuron Index 4
-0.2127215,0.4154025,0.4801428,0.3634106
Destination Neuron Index 5
0.03956145,0.2718761,-0.05533379,-0.4346759
Destination Neuron Index 6
0.1191995,0.4385875,0.4463962,-0.4938207
Destination Neuron Index 7
0.3532848,-0.145492,-0.4165965,0.009985864
Destination Neuron Index 8
-0.08421046,0.2606052,-0.393338,-0.1004156
Destination Neuron Index 9
0.4831852,-0.2371326,-0.344189,-0.05135614
Destination Neuron Index 10
0.3833584,-0.4829324,0.4348611,-0.1498542
Destination Neuron Index 11
0.3096317,0.1003298,0.2726187,-0.4404627
Destination Neuron Index 12
0.2173458,-0.4359851,-0.4661697,0.2300386
Destination Neuron Index 13
0.3247765,-0.120221,0.3130429,-0.2298396
Destination Neuron Index 14
-0.446759,-0.3025436,-0.4338794,-0.08160931
Layer 1
Destination Neuron Index 0
0.3870136,-0.1608115,-0.3046447,-0.3018106,-0.3070793,0.4687903,0.3214197,0.2238711,-0.2068287,-0.4892111,-0.07310814,0.2074085,0.2626531,-0.1080399,-0.03393382
Destination Neuron Index 1
0.3788451,0.2930218,0.07526916,-0.2419925,-0.4994618,0.4495251,-0.3692989,0.3061687,-0.05326349,-0.2591093,-0.1550183,0.271119,-0.2454583,-0.1447651,-0.2518654
Destination Neuron Index 2
0.1876172,0.03582913,0.2628725,0.3355376,-0.3429266,-0.1986575,0.0943231,0.1072997,-0.01796621,0.3260325,-0.2238663,0.1291569,-0.2089404,-0.4633973,-0.1148843
Destination Neuron Index 3
-0.4068233,0.3952829,0.0539704,-0.2807355,-0.1232879,0.1680074,0.3547086,-0.1716842,-0.1870613,0.4552661,0.2444994,0.1388144,0.4844428,0.2364024,0.3437787
5,-0.3333237
35445
